Граф (№1) для Флойда–Уоршала (также можно использовать в Джонсоне, но это неинтересно, т.к. все веса положительные): 

0 1 3 0 0 0 0 0 0
1 0 2 3 0 0 0 0 0
3 2 0 4 0 2 0 0 0
0 3 4 0 2 0 3 0 0
0 0 0 2 0 2 2 3 4
0 0 2 0 2 0 0 1 0
0 0 0 3 2 0 0 0 3
0 0 0 0 3 1 0 0 5
0 0 0 0 4 0 3 5 0 

Граф (№2) с отрицательными весами без отрицательного цикла для Джонсона (можно также использовать для алгоритма Флойда-Уоршала):

0 -2 7 5
0 0 8 6
0 3 0 -4
-1 0 0 0

Граф (№3) для поиска шарниров

1 2
0 4
0 3 4
2
1 2 7 6 5
4
4 7
4 6

